@relation tic-tac-toe-rm_attr_w_10p_missing-rm_inst_w_missing-weka.filters.unsupervised.attribute.Discretize-D-F-B8-M-1.0-Rfirst-last-nominal2binarysplit_minmulti.py-choose_class.py-vpositive

@0:	top-left-square = b
@1:	top-left-square = o
@2:	top-left-square = x
@3:	top-middle-square = b
@4:	top-middle-square = o
@5:	top-middle-square = x
@6:	top-right-square = b
@7:	top-right-square = o
@8:	top-right-square = x
@9:	middle-left-square = b
@10:	middle-left-square = o
@11:	middle-left-square = x
@12:	middle-middle-square = b
@13:	middle-middle-square = o
@14:	middle-middle-square = x
@15:	middle-right-square = b
@16:	middle-right-square = o
@17:	middle-right-square = x
@18:	bottom-left-square = b
@19:	bottom-left-square = o
@20:	bottom-left-square = x
@21:	bottom-middle-square = b
@22:	bottom-middle-square = o
@23:	bottom-middle-square = x
@24:	bottom-right-square = b
@25:	bottom-right-square = o
@26:	bottom-right-square = x
@class:	1='positive'	 0={'negative'}
@data

2 5 8 11 13 16 20 22 25 1
2 5 8 11 13 16 19 23 25 1
2 5 8 11 13 16 19 22 26 1
2 5 8 11 13 16 19 21 24 1
2 5 8 11 13 16 18 22 24 1
2 5 8 11 13 16 18 21 25 1
2 5 8 11 13 15 19 22 24 1
2 5 8 11 13 15 19 21 25 1
2 5 8 11 13 15 18 22 25 1
2 5 8 11 12 16 19 22 24 1
2 5 8 11 12 16 19 21 25 1
2 5 8 11 12 16 18 22 25 1
2 5 8 10 14 16 20 22 25 1
2 5 8 10 14 16 19 23 25 1
2 5 8 10 14 16 19 22 26 1
2 5 8 10 14 16 19 21 24 1
2 5 8 10 14 16 18 22 24 1
2 5 8 10 14 16 18 21 25 1
2 5 8 10 14 15 19 22 24 1
2 5 8 10 14 15 19 21 25 1
2 5 8 10 14 15 18 22 25 1
2 5 8 10 13 17 20 22 25 1
2 5 8 10 13 17 19 23 25 1
2 5 8 10 13 17 19 22 26 1
2 5 8 10 13 17 19 21 24 1
2 5 8 10 13 17 18 22 24 1
2 5 8 10 13 17 18 21 25 1
2 5 8 10 13 15 20 22 24 1
2 5 8 10 13 15 20 21 25 1
2 5 8 10 13 15 19 23 24 1
2 5 8 10 13 15 19 21 26 1
2 5 8 10 13 15 18 23 25 1
2 5 8 10 13 15 18 22 26 1
2 5 8 10 13 15 18 21 24 1
2 5 8 10 12 17 19 22 24 1
2 5 8 10 12 17 19 21 25 1
2 5 8 10 12 17 18 22 25 1
2 5 8 10 12 16 20 22 24 1
2 5 8 10 12 16 20 21 25 1
2 5 8 10 12 16 19 23 24 1
2 5 8 10 12 16 19 21 26 1
2 5 8 10 12 16 18 23 25 1
2 5 8 10 12 16 18 22 26 1
2 5 8 10 12 16 18 21 24 1
2 5 8 10 12 15 20 22 25 1
2 5 8 10 12 15 19 23 25 1
2 5 8 10 12 15 19 22 26 1
2 5 8 10 12 15 19 21 24 1
2 5 8 10 12 15 18 22 24 1
2 5 8 10 12 15 18 21 25 1
2 5 8 9 14 16 19 22 24 1
2 5 8 9 14 16 19 21 25 1
2 5 8 9 14 16 18 22 25 1
2 5 8 9 13 17 19 22 24 1
2 5 8 9 13 17 19 21 25 1
2 5 8 9 13 17 18 22 25 1
2 5 8 9 13 16 20 22 24 1
2 5 8 9 13 16 20 21 25 1
2 5 8 9 13 16 19 23 24 1
2 5 8 9 13 16 19 21 26 1
2 5 8 9 13 16 18 23 25 1
2 5 8 9 13 16 18 22 26 1
2 5 8 9 13 16 18 21 24 1
2 5 8 9 13 15 20 22 25 1
2 5 8 9 13 15 19 23 25 1
2 5 8 9 13 15 19 22 26 1
2 5 8 9 13 15 19 21 24 1
2 5 8 9 13 15 18 22 24 1
2 5 8 9 13 15 18 21 25 1
2 5 8 9 12 16 20 22 25 1
2 5 8 9 12 16 19 23 25 1
2 5 8 9 12 16 19 22 26 1
2 5 8 9 12 16 19 21 24 1
2 5 8 9 12 16 18 22 24 1
2 5 8 9 12 16 18 21 25 1
2 5 8 9 12 15 19 22 24 1
2 5 8 9 12 15 19 21 25 1
2 5 8 9 12 15 18 22 25 1
2 5 7 11 14 16 19 22 26 1
2 5 7 11 13 17 20 22 25 1
2 5 7 11 13 16 20 22 26 1
2 5 7 11 13 16 20 21 24 1
2 5 7 11 13 15 20 22 24 1
2 5 7 11 13 15 20 21 25 1
2 5 7 11 12 16 20 22 24 1
2 5 7 11 12 15 20 22 25 1
2 5 7 10 14 17 19 23 25 1
2 5 7 10 14 17 19 22 26 1
2 5 7 10 14 16 20 22 26 1
2 5 7 10 14 16 19 23 26 1
2 5 7 10 14 16 18 23 24 1
2 5 7 10 14 16 18 21 26 1
2 5 7 10 14 15 19 23 24 1
2 5 7 10 14 15 19 21 26 1
2 5 7 10 14 15 18 23 25 1
2 5 7 10 14 15 18 22 26 1
2 5 7 9 14 16 19 23 24 1
2 5 7 9 14 16 19 21 26 1
2 5 7 9 14 16 18 22 26 1
2 5 7 9 14 15 19 23 25 1
2 5 7 9 14 15 19 22 26 1
2 5 6 11 13 16 20 22 24 1
2 5 6 11 13 16 20 21 25 1
2 5 6 11 13 15 20 22 25 1
2 5 6 11 12 16 20 22 25 1
2 5 6 10 14 16 19 23 24 1
2 5 6 10 14 16 19 21 26 1
2 5 6 10 14 16 18 23 25 1
2 5 6 10 14 16 18 22 26 1
2 5 6 10 14 15 19 23 25 1
2 5 6 10 14 15 19 22 26 1
2 5 6 9 14 16 19 23 25 1
2 5 6 9 14 16 19 22 26 1
2 4 8 11 14 16 20 22 25 1
2 4 8 11 14 16 19 22 26 1
2 4 8 11 13 16 20 23 25 1
2 4 8 11 13 16 20 21 24 1
2 4 8 11 13 15 20 21 25 1
2 4 8 11 12 16 20 22 24 1
2 4 8 11 12 16 20 21 25 1
2 4 8 11 12 15 20 22 25 1
2 4 8 10 14 17 20 22 25 1
2 4 8 10 14 17 19 22 26 1
2 4 8 10 14 16 20 23 25 1
2 4 8 10 14 16 20 22 26 1
2 4 8 10 14 16 20 21 24 1
2 4 8 10 14 16 19 23 26 1
2 4 8 10 14 16 18 21 26 1
2 4 8 10 14 15 20 22 24 1
2 4 8 10 14 15 20 21 25 1
2 4 8 10 14 15 19 21 26 1
2 4 8 10 14 15 18 22 26 1
2 4 8 10 13 17 19 23 26 1
2 4 8 10 13 17 18 21 26 1
2 4 8 10 12 17 19 21 26 1
2 4 8 10 12 17 18 22 26 1
2 4 8 9 14 16 20 22 24 1
2 4 8 9 14 16 20 21 25 1
2 4 8 9 14 16 19 21 26 1
2 4 8 9 14 16 18 22 26 1
2 4 8 9 14 15 20 22 25 1
2 4 8 9 14 15 19 22 26 1
2 4 8 9 13 17 19 21 26 1
2 4 8 9 12 17 19 22 26 1
2 4 7 11 14 17 20 22 25 1
2 4 7 11 14 17 19 23 25 1
2 4 7 11 14 17 19 22 26 1
2 4 7 11 14 17 19 21 24 1
2 4 7 11 14 17 18 22 24 1
2 4 7 11 14 17 18 21 25 1
2 4 7 11 14 16 20 22 26 1
2 4 7 11 14 16 20 21 24 1
2 4 7 11 14 16 19 23 26 1
2 4 7 11 14 16 18 21 26 1
2 4 7 11 14 15 20 22 24 1
2 4 7 11 14 15 20 21 25 1
2 4 7 11 14 15 19 21 26 1
2 4 7 11 14 15 18 22 26 1
2 4 7 11 13 17 20 23 25 1
2 4 7 11 13 17 20 21 24 1
2 4 7 11 13 16 20 23 26 1
2 4 7 11 13 15 20 23 24 1
2 4 7 11 13 15 20 21 26 1
2 4 7 11 12 17 20 22 24 1
2 4 7 11 12 17 20 21 25 1
2 4 7 11 12 16 20 23 24 1
2 4 7 11 12 16 20 21 26 1
2 4 7 11 12 15 20 23 25 1
2 4 7 11 12 15 20 22 26 1
2 4 7 11 12 15 20 21 24 1
2 4 7 10 14 17 20 22 26 1
2 4 7 10 14 17 19 23 26 1
2 4 7 10 14 17 18 21 26 1
2 4 7 10 14 16 20 23 26 1
2 4 7 10 14 15 20 21 26 1
2 4 7 10 14 15 18 23 26 1
2 4 7 10 13 17 20 23 26 1
2 4 7 10 12 15 20 23 26 1
2 4 7 9 14 17 19 21 26 1
2 4 7 9 14 17 18 22 26 1
2 4 7 9 14 16 20 21 26 1
2 4 7 9 14 16 18 23 26 1
2 4 7 9 14 15 20 22 26 1
2 4 7 9 14 15 19 23 26 1
2 4 7 9 14 15 18 21 26 1
2 4 7 9 13 15 20 23 26 1
2 4 7 9 12 16 20 23 26 1
2 4 6 11 14 17 19 22 24 1
2 4 6 11 14 17 19 21 25 1
2 4 6 11 14 17 18 22 25 1
2 4 6 11 14 16 20 22 24 1
2 4 6 11 14 16 20 21 25 1
2 4 6 11 14 16 19 21 26 1
2 4 6 11 14 16 18 22 26 1
2 4 6 11 14 15 20 22 25 1
2 4 6 11 14 15 19 22 26 1
2 4 6 11 13 17 20 21 25 1
2 4 6 11 13 16 20 23 24 1
2 4 6 11 13 16 20 21 26 1
2 4 6 11 13 15 20 23 25 1
2 4 6 11 13 15 20 21 24 1
2 4 6 11 12 17 20 22 25 1
2 4 6 11 12 16 20 23 25 1
2 4 6 11 12 16 20 22 26 1
2 4 6 11 12 16 20 21 24 1
2 4 6 11 12 15 20 22 24 1
2 4 6 11 12 15 20 21 25 1
2 4 6 10 14 17 19 21 26 1
2 4 6 10 14 17 18 22 26 1
2 4 6 10 14 16 20 21 26 1
2 4 6 10 14 16 18 23 26 1
2 4 6 10 14 15 20 22 26 1
2 4 6 10 14 15 19 23 26 1
2 4 6 10 14 15 18 21 26 1
2 4 6 10 13 15 20 23 26 1
2 4 6 10 12 16 20 23 26 1
2 4 6 9 14 17 19 22 26 1
2 4 6 9 14 16 20 22 26 1
2 4 6 9 14 16 19 23 26 1
2 4 6 9 14 16 18 21 26 1
2 4 6 9 14 15 19 21 26 1
2 4 6 9 14 15 18 22 26 1
2 4 6 9 13 16 20 23 26 1
2 3 8 11 13 16 20 22 24 1
2 3 8 11 13 16 20 21 25 1
2 3 8 11 13 15 20 22 25 1
2 3 8 11 12 16 20 22 25 1
2 3 8 10 14 16 20 22 24 1
2 3 8 10 14 16 20 21 25 1
2 3 8 10 14 16 19 21 26 1
2 3 8 10 14 16 18 22 26 1
2 3 8 10 14 15 20 22 25 1
2 3 8 10 14 15 19 22 26 1
2 3 8 10 13 17 19 21 26 1
2 3 8 10 13 17 18 22 26 1
2 3 8 10 12 17 19 22 26 1
2 3 8 9 14 16 20 22 25 1
2 3 8 9 14 16 19 22 26 1
2 3 8 9 13 17 19 22 26 1
2 3 7 11 14 17 19 22 24 1
2 3 7 11 14 17 19 21 25 1
2 3 7 11 14 17 18 22 25 1
2 3 7 11 14 16 20 22 24 1
2 3 7 11 14 16 19 21 26 1
2 3 7 11 14 16 18 22 26 1
2 3 7 11 14 15 20 22 25 1
2 3 7 11 14 15 19 22 26 1
2 3 7 11 13 17 20 22 24 1
2 3 7 11 13 17 20 21 25 1
2 3 7 11 13 16 20 23 24 1
2 3 7 11 13 16 20 21 26 1
2 3 7 11 13 15 20 23 25 1
2 3 7 11 13 15 20 22 26 1
2 3 7 11 13 15 20 21 24 1
2 3 7 11 12 17 20 22 25 1
2 3 7 11 12 16 20 22 26 1
2 3 7 11 12 16 20 21 24 1
2 3 7 11 12 15 20 22 24 1
2 3 7 11 12 15 20 21 25 1
2 3 7 10 14 17 19 21 26 1
2 3 7 10 14 17 18 22 26 1
2 3 7 10 14 16 20 21 26 1
2 3 7 10 14 16 18 23 26 1
2 3 7 10 14 15 20 22 26 1
2 3 7 10 14 15 19 23 26 1
2 3 7 10 14 15 18 21 26 1
2 3 7 10 13 15 20 23 26 1
2 3 7 10 12 16 20 23 26 1
2 3 7 9 14 17 19 22 26 1
2 3 7 9 14 16 20 22 26 1
2 3 7 9 14 16 19 23 26 1
2 3 7 9 14 16 18 21 26 1
2 3 7 9 14 15 19 21 26 1
2 3 7 9 14 15 18 22 26 1
2 3 7 9 13 16 20 23 26 1
2 3 6 11 14 16 20 22 25 1
2 3 6 11 14 16 19 22 26 1
2 3 6 11 13 17 20 22 25 1
2 3 6 11 13 16 20 23 25 1
2 3 6 11 13 16 20 22 26 1
2 3 6 11 13 16 20 21 24 1
2 3 6 11 13 15 20 22 24 1
2 3 6 11 13 15 20 21 25 1
2 3 6 11 12 16 20 22 24 1
2 3 6 11 12 16 20 21 25 1
2 3 6 11 12 15 20 22 25 1
2 3 6 10 14 17 19 22 26 1
2 3 6 10 14 16 20 22 26 1
2 3 6 10 14 16 19 23 26 1
2 3 6 10 14 16 18 21 26 1
2 3 6 10 14 15 19 21 26 1
2 3 6 10 14 15 18 22 26 1
2 3 6 9 14 16 19 21 26 1
2 3 6 9 14 16 18 22 26 1
2 3 6 9 14 15 19 22 26 1
1 5 8 11 14 16 20 22 25 1
1 5 8 11 14 16 19 23 25 1
1 5 8 11 13 17 19 22 26 1
1 5 8 10 14 17 20 22 25 1
1 5 8 10 14 16 20 23 25 1
1 5 8 10 14 16 20 22 26 1
1 5 8 10 14 16 20 21 24 1
1 5 8 10 14 16 18 23 24 1
1 5 8 10 14 15 20 22 24 1
1 5 8 10 14 15 20 21 25 1
1 5 8 10 14 15 18 23 25 1
1 5 8 10 13 17 20 22 26 1
1 5 8 10 13 17 18 21 26 1
1 5 8 10 12 17 18 22 26 1
1 5 8 9 14 16 20 22 24 1
1 5 8 9 14 16 20 21 25 1
1 5 8 9 14 16 19 23 24 1
1 5 8 9 14 16 18 23 25 1
1 5 8 9 14 15 20 22 25 1
1 5 8 9 14 15 19 23 25 1
1 5 8 9 13 17 19 21 26 1
1 5 8 9 13 17 18 22 26 1
1 5 8 9 12 17 19 22 26 1
1 5 7 11 14 17 20 22 25 1
1 5 7 11 14 17 19 23 25 1
1 5 7 11 14 17 19 22 26 1
1 5 7 11 14 17 19 21 24 1
1 5 7 11 14 17 18 22 24 1
1 5 7 11 14 17 18 21 25 1
1 5 7 11 14 16 19 23 26 1
1 5 7 11 14 16 18 23 24 1
1 5 7 11 14 15 19 23 24 1
1 5 7 11 14 15 18 23 25 1
1 5 7 11 13 16 20 23 26 1
1 5 7 10 14 17 20 23 25 1
1 5 7 10 14 17 18 23 24 1
1 5 7 10 14 16 20 23 26 1
1 5 7 10 14 15 20 23 24 1
1 5 7 10 14 15 18 23 26 1
1 5 7 10 13 17 20 23 26 1
1 5 7 10 12 15 20 23 26 1
1 5 7 9 14 17 19 23 24 1
1 5 7 9 14 17 18 23 25 1
1 5 7 9 14 16 20 23 24 1
1 5 7 9 14 16 18 23 26 1
1 5 7 9 14 15 20 23 25 1
1 5 7 9 14 15 19 23 26 1
1 5 7 9 14 15 18 23 24 1
1 5 7 9 13 15 20 23 26 1
1 5 7 9 12 16 20 23 26 1
1 5 6 11 14 17 19 22 24 1
1 5 6 11 14 17 19 21 25 1
1 5 6 11 14 17 18 22 25 1
1 5 6 11 14 16 19 23 24 1
1 5 6 11 14 16 18 23 25 1
1 5 6 11 14 15 19 23 25 1
1 5 6 10 14 17 18 23 25 1
1 5 6 10 14 16 20 23 24 1
1 5 6 10 14 16 18 23 26 1
1 5 6 10 14 15 20 23 25 1
1 5 6 10 14 15 18 23 24 1
1 5 6 10 13 15 20 23 26 1
1 5 6 10 12 16 20 23 26 1
1 5 6 9 14 17 19 23 25 1
1 5 6 9 14 16 20 23 25 1
1 5 6 9 14 16 19 23 26 1
1 5 6 9 14 16 18 23 24 1
1 5 6 9 14 15 19 23 24 1
1 5 6 9 14 15 18 23 25 1
1 5 6 9 13 16 20 23 26 1
1 4 8 11 14 17 20 22 25 1
1 4 8 11 14 17 19 23 25 1
1 4 8 11 14 17 19 22 26 1
1 4 8 11 14 17 19 21 24 1
1 4 8 11 14 17 18 22 24 1
1 4 8 11 14 17 18 21 25 1
1 4 8 11 14 16 20 23 25 1
1 4 8 11 14 16 20 22 26 1
1 4 8 11 14 16 20 21 24 1
1 4 8 11 14 15 20 22 24 1
1 4 8 11 14 15 20 21 25 1
1 4 8 11 13 17 19 23 26 1
1 4 8 11 13 17 18 21 26 1
1 4 8 11 13 16 20 23 26 1
1 4 8 11 12 17 19 21 26 1
1 4 8 11 12 17 18 22 26 1
1 4 8 10 14 17 20 23 25 1
1 4 8 10 14 17 20 22 26 1
1 4 8 10 14 17 20 21 24 1
1 4 8 10 14 17 18 21 26 1
1 4 8 10 14 16 20 23 26 1
1 4 8 10 14 15 20 23 24 1
1 4 8 10 14 15 20 21 26 1
1 4 8 10 13 17 20 23 26 1
1 4 8 10 12 17 20 21 26 1
1 4 8 10 12 17 18 23 26 1
1 4 8 10 12 15 20 23 26 1
1 4 8 9 14 17 20 22 24 1
1 4 8 9 14 17 20 21 25 1
1 4 8 9 14 17 19 21 26 1
1 4 8 9 14 17 18 22 26 1
1 4 8 9 14 16 20 23 24 1
1 4 8 9 14 16 20 21 26 1
1 4 8 9 14 15 20 23 25 1
1 4 8 9 14 15 20 22 26 1
1 4 8 9 14 15 20 21 24 1
1 4 8 9 13 17 20 21 26 1
1 4 8 9 13 17 18 23 26 1
1 4 8 9 13 15 20 23 26 1
1 4 8 9 12 17 20 22 26 1
1 4 8 9 12 17 19 23 26 1
1 4 8 9 12 17 18 21 26 1
1 4 8 9 12 16 20 23 26 1
1 4 6 11 14 17 20 22 24 1
1 4 6 11 14 17 20 21 25 1
1 4 6 11 14 17 19 23 24 1
1 4 6 11 14 17 19 21 26 1
1 4 6 11 14 17 18 23 25 1
1 4 6 11 14 17 18 22 26 1
1 4 6 11 14 17 18 21 24 1
1 4 6 11 13 15 20 23 26 1
1 4 6 11 12 16 20 23 26 1
1 4 6 10 14 15 20 23 26 1
1 4 6 10 12 17 20 23 26 1
1 4 6 9 14 16 20 23 26 1
1 4 6 9 13 17 20 23 26 1
1 4 6 9 12 15 20 23 26 1
1 3 8 11 14 17 19 22 24 1
1 3 8 11 14 17 19 21 25 1
1 3 8 11 14 17 18 22 25 1
1 3 8 11 14 16 20 22 24 1
1 3 8 11 14 16 20 21 25 1
1 3 8 11 14 15 20 22 25 1
1 3 8 11 13 17 19 21 26 1
1 3 8 11 13 17 18 22 26 1
1 3 8 11 12 17 19 22 26 1
1 3 8 10 14 17 20 22 24 1
1 3 8 10 14 17 20 21 25 1
1 3 8 10 14 17 18 22 26 1
1 3 8 10 14 16 20 23 24 1
1 3 8 10 14 16 20 21 26 1
1 3 8 10 14 15 20 23 25 1
1 3 8 10 14 15 20 22 26 1
1 3 8 10 14 15 20 21 24 1
1 3 8 10 13 17 20 21 26 1
1 3 8 10 13 17 18 23 26 1
1 3 8 10 13 15 20 23 26 1
1 3 8 10 12 17 20 22 26 1
1 3 8 10 12 17 18 21 26 1
1 3 8 10 12 16 20 23 26 1
1 3 8 9 14 17 20 22 25 1
1 3 8 9 14 17 19 22 26 1
1 3 8 9 14 16 20 23 25 1
1 3 8 9 14 16 20 22 26 1
1 3 8 9 14 16 20 21 24 1
1 3 8 9 14 15 20 22 24 1
1 3 8 9 14 15 20 21 25 1
1 3 8 9 13 17 20 22 26 1
1 3 8 9 13 17 19 23 26 1
1 3 8 9 13 17 18 21 26 1
1 3 8 9 13 16 20 23 26 1
1 3 8 9 12 17 19 21 26 1
1 3 8 9 12 17 18 22 26 1
1 3 7 11 14 17 20 22 24 1
1 3 7 11 14 17 20 21 25 1
1 3 7 11 14 17 19 23 24 1
1 3 7 11 14 17 19 21 26 1
1 3 7 11 14 17 18 23 25 1
1 3 7 11 14 17 18 22 26 1
1 3 7 11 14 17 18 21 24 1
1 3 7 11 13 15 20 23 26 1
1 3 7 11 12 16 20 23 26 1
1 3 7 10 14 15 20 23 26 1
1 3 7 10 12 17 20 23 26 1
1 3 7 9 14 16 20 23 26 1
1 3 7 9 13 17 20 23 26 1
1 3 7 9 12 15 20 23 26 1
1 3 6 11 14 17 20 22 25 1
1 3 6 11 14 17 19 23 25 1
1 3 6 11 14 17 19 22 26 1
1 3 6 11 14 17 19 21 24 1
1 3 6 11 14 17 18 22 24 1
1 3 6 11 14 17 18 21 25 1
1 3 6 11 13 16 20 23 26 1
1 3 6 10 14 16 20 23 26 1
1 3 6 10 13 17 20 23 26 1
1 3 6 10 12 15 20 23 26 1
1 3 6 9 13 15 20 23 26 1
1 3 6 9 12 16 20 23 26 1
0 5 8 10 14 16 20 22 24 1
0 5 8 10 14 16 20 21 25 1
0 5 8 10 14 16 19 23 24 1
0 5 8 10 14 16 18 23 25 1
0 5 8 10 14 15 20 22 25 1
0 5 8 10 14 15 19 23 25 1
0 5 8 10 13 17 19 21 26 1
0 5 8 10 13 17 18 22 26 1
0 5 8 10 12 17 19 22 26 1
0 5 8 9 14 16 20 22 25 1
0 5 8 9 14 16 19 23 25 1
0 5 8 9 13 17 19 22 26 1
0 5 7 11 14 17 19 22 24 1
0 5 7 11 14 17 19 21 25 1
0 5 7 11 14 17 18 22 25 1
0 5 7 11 14 16 19 23 24 1
0 5 7 11 14 15 19 23 25 1
0 5 7 10 14 17 19 23 24 1
0 5 7 10 14 17 18 23 25 1
0 5 7 10 14 16 20 23 24 1
0 5 7 10 14 16 18 23 26 1
0 5 7 10 14 15 20 23 25 1
0 5 7 10 14 15 19 23 26 1
0 5 7 10 14 15 18 23 24 1
0 5 7 10 13 15 20 23 26 1
0 5 7 10 12 16 20 23 26 1
0 5 7 9 14 17 19 23 25 1
0 5 7 9 14 16 19 23 26 1
0 5 7 9 14 16 18 23 24 1
0 5 7 9 14 15 19 23 24 1
0 5 7 9 14 15 18 23 25 1
0 5 7 9 13 16 20 23 26 1
0 5 6 11 14 16 19 23 25 1
0 5 6 10 14 17 19 23 25 1
0 5 6 10 14 16 20 23 25 1
0 5 6 10 14 16 19 23 26 1
0 5 6 10 14 16 18 23 24 1
0 5 6 10 14 15 19 23 24 1
0 5 6 10 14 15 18 23 25 1
0 5 6 9 14 16 19 23 24 1
0 5 6 9 14 16 18 23 25 1
0 5 6 9 14 15 19 23 25 1
0 4 8 11 14 17 19 22 24 1
0 4 8 11 14 17 19 21 25 1
0 4 8 11 14 17 18 22 25 1
0 4 8 11 14 16 20 22 24 1
0 4 8 11 14 16 20 21 25 1
0 4 8 11 14 15 20 22 25 1
0 4 8 11 13 17 19 21 26 1
0 4 8 11 12 17 19 22 26 1
0 4 8 10 14 17 20 22 24 1
0 4 8 10 14 17 20 21 25 1
0 4 8 10 14 17 19 21 26 1
0 4 8 10 14 17 18 22 26 1
0 4 8 10 14 16 20 23 24 1
0 4 8 10 14 16 20 21 26 1
0 4 8 10 14 15 20 23 25 1
0 4 8 10 14 15 20 22 26 1
0 4 8 10 14 15 20 21 24 1
0 4 8 10 13 17 20 21 26 1
0 4 8 10 13 17 18 23 26 1
0 4 8 10 13 15 20 23 26 1
0 4 8 10 12 17 20 22 26 1
0 4 8 10 12 17 19 23 26 1
0 4 8 10 12 17 18 21 26 1
0 4 8 10 12 16 20 23 26 1
0 4 8 9 14 17 20 22 25 1
0 4 8 9 14 17 19 22 26 1
0 4 8 9 14 16 20 23 25 1
0 4 8 9 14 16 20 22 26 1
0 4 8 9 14 16 20 21 24 1
0 4 8 9 14 15 20 22 24 1
0 4 8 9 14 15 20 21 25 1
0 4 8 9 13 17 19 23 26 1
0 4 8 9 13 17 18 21 26 1
0 4 8 9 13 16 20 23 26 1
0 4 8 9 12 17 19 21 26 1
0 4 8 9 12 17 18 22 26 1
0 4 7 11 14 17 20 22 24 1
0 4 7 11 14 17 20 21 25 1
0 4 7 11 14 17 19 23 24 1
0 4 7 11 14 17 19 21 26 1
0 4 7 11 14 17 18 23 25 1
0 4 7 11 14 17 18 22 26 1
0 4 7 11 14 17 18 21 24 1
0 4 7 11 13 15 20 23 26 1
0 4 7 11 12 16 20 23 26 1
0 4 7 10 14 15 20 23 26 1
0 4 7 10 12 17 20 23 26 1
0 4 7 9 14 16 20 23 26 1
0 4 7 9 13 17 20 23 26 1
0 4 7 9 12 15 20 23 26 1
0 4 6 11 14 17 20 22 25 1
0 4 6 11 14 17 19 23 25 1
0 4 6 11 14 17 19 22 26 1
0 4 6 11 14 17 19 21 24 1
0 4 6 11 14 17 18 22 24 1
0 4 6 11 14 17 18 21 25 1
0 4 6 11 13 16 20 23 26 1
0 4 6 10 14 16 20 23 26 1
0 4 6 10 13 17 20 23 26 1
0 4 6 10 12 15 20 23 26 1
0 4 6 9 13 15 20 23 26 1
0 4 6 9 12 16 20 23 26 1
0 3 8 11 14 16 20 22 25 1
0 3 8 11 13 17 19 22 26 1
0 3 8 10 14 17 20 22 25 1
0 3 8 10 14 17 19 22 26 1
0 3 8 10 14 16 20 23 25 1
0 3 8 10 14 16 20 22 26 1
0 3 8 10 14 16 20 21 24 1
0 3 8 10 14 15 20 22 24 1
0 3 8 10 14 15 20 21 25 1
0 3 8 10 13 17 20 22 26 1
0 3 8 10 13 17 19 23 26 1
0 3 8 10 13 17 18 21 26 1
0 3 8 10 12 17 19 21 26 1
0 3 8 10 12 17 18 22 26 1
0 3 8 9 14 16 20 22 24 1
0 3 8 9 14 16 20 21 25 1
0 3 8 9 14 15 20 22 25 1
0 3 8 9 13 17 19 21 26 1
0 3 8 9 13 17 18 22 26 1
0 3 8 9 12 17 19 22 26 1
0 3 7 11 14 17 20 22 25 1
0 3 7 11 14 17 19 23 25 1
0 3 7 11 14 17 19 22 26 1
0 3 7 11 14 17 19 21 24 1
0 3 7 11 14 17 18 22 24 1
0 3 7 11 14 17 18 21 25 1
0 3 7 11 13 16 20 23 26 1
0 3 7 10 14 16 20 23 26 1
0 3 7 10 13 17 20 23 26 1
0 3 7 10 12 15 20 23 26 1
0 3 7 9 13 15 20 23 26 1
0 3 7 9 12 16 20 23 26 1
0 3 6 11 14 17 19 22 24 1
0 3 6 11 14 17 19 21 25 1
0 3 6 11 14 17 18 22 25 1
0 3 6 10 13 15 20 23 26 1
0 3 6 10 12 16 20 23 26 1
0 3 6 9 13 16 20 23 26 1
2 5 7 11 14 16 19 21 25 0
2 5 7 11 14 16 18 22 25 0
2 5 7 11 14 15 19 22 25 0
2 5 7 11 13 17 19 22 24 0
2 5 7 11 13 17 19 21 25 0
2 5 7 11 13 16 19 23 24 0
2 5 7 11 13 16 19 21 26 0
2 5 7 11 13 16 18 23 25 0
2 5 7 11 13 15 19 23 25 0
2 5 7 11 13 15 19 22 26 0
2 5 7 11 13 15 19 21 24 0
2 5 7 11 12 17 19 22 25 0
2 5 7 11 12 16 19 23 25 0
2 5 7 11 12 16 18 21 25 0
2 5 7 10 14 16 20 21 25 0
2 5 7 10 13 17 19 23 24 0
2 5 7 10 13 17 19 21 26 0
2 5 7 10 13 16 20 23 24 0
2 5 7 10 13 16 20 21 26 0
2 5 7 10 13 16 18 23 26 0
2 5 7 10 13 15 19 23 26 0
2 5 7 10 12 16 20 23 25 0
2 5 7 9 14 17 19 22 25 0
2 5 7 9 14 16 20 22 25 0
2 5 7 9 14 16 18 21 25 0
2 5 7 9 13 17 19 23 25 0
2 5 7 9 13 17 19 22 26 0
2 5 7 9 13 17 19 21 24 0
2 5 7 9 13 16 20 23 25 0
2 5 7 9 13 16 19 23 26 0
2 5 7 9 13 15 19 23 24 0
2 5 7 9 13 15 19 21 26 0
2 5 7 9 12 16 20 21 25 0
2 5 7 9 12 16 18 23 25 0
2 5 6 11 14 16 19 22 25 0
2 5 6 11 13 17 19 22 25 0
2 5 6 11 12 15 19 22 25 0
2 5 6 10 14 17 19 22 25 0
2 5 6 10 13 16 20 23 25 0
2 5 6 10 13 16 20 22 26 0
2 5 6 10 13 16 20 21 24 0
2 5 6 10 13 16 19 23 26 0
2 5 6 10 13 16 18 23 24 0
2 5 6 10 13 16 18 21 26 0
2 5 6 9 14 15 19 22 25 0
2 5 6 9 12 17 19 22 25 0
2 4 8 11 14 15 19 22 25 0
2 4 8 11 13 17 19 22 24 0
2 4 8 11 13 17 18 22 25 0
2 4 8 11 13 16 18 22 26 0
2 4 8 11 13 15 19 22 26 0
2 4 8 11 13 15 18 22 24 0
2 4 8 11 12 17 19 22 25 0
2 4 8 10 13 17 20 22 24 0
2 4 8 10 13 16 20 23 24 0
2 4 8 10 13 16 20 21 26 0
2 4 8 10 13 16 18 23 26 0
2 4 8 10 13 15 20 22 26 0
2 4 8 9 14 17 19 22 25 0
2 4 8 9 13 17 20 22 25 0
2 4 8 9 13 17 18 22 24 0
2 4 8 9 13 16 20 22 26 0
2 4 8 9 13 15 20 22 24 0
2 4 8 9 13 15 18 22 26 0
2 4 7 11 14 16 18 23 25 0
2 4 7 11 13 17 19 23 24 0
2 4 7 11 13 17 19 21 26 0
2 4 7 11 13 17 18 22 26 0
2 4 7 11 13 15 19 23 26 0
2 4 7 9 14 16 20 23 25 0
2 4 7 9 13 17 20 22 26 0
2 4 7 9 13 17 19 23 26 0
2 4 6 11 13 17 19 22 26 0
2 4 6 11 13 17 18 22 24 0
2 4 6 11 13 15 18 22 26 0
2 4 6 10 13 17 20 22 26 0
2 4 6 9 13 17 20 22 24 0
2 4 6 9 13 17 18 22 26 0
2 4 6 9 13 15 20 22 26 0
2 3 8 11 14 16 19 22 25 0
2 3 8 11 13 17 19 22 25 0
2 3 8 11 12 15 19 22 25 0
2 3 8 10 14 17 19 22 25 0
2 3 8 10 13 16 20 23 25 0
2 3 8 10 13 16 20 22 26 0
2 3 8 10 13 16 20 21 24 0
2 3 8 10 13 16 19 23 26 0
2 3 8 10 13 16 18 23 24 0
2 3 8 10 13 16 18 21 26 0
2 3 8 9 14 15 19 22 25 0
2 3 8 9 12 17 19 22 25 0
2 3 7 11 14 16 19 23 25 0
2 3 7 11 14 16 18 21 25 0
2 3 7 11 13 17 19 23 25 0
2 3 7 11 13 17 19 22 26 0
2 3 7 11 13 17 19 21 24 0
2 3 7 11 13 16 19 23 26 0
2 3 7 11 13 15 19 23 24 0
2 3 7 11 13 15 19 21 26 0
2 3 7 11 12 16 18 23 25 0
2 3 7 10 14 16 20 23 25 0
2 3 7 10 13 17 19 23 26 0
2 3 7 9 14 16 20 21 25 0
2 3 7 9 14 16 18 23 25 0
2 3 7 9 13 17 19 23 24 0
2 3 7 9 13 17 19 21 26 0
2 3 7 9 13 15 19 23 26 0
2 3 7 9 12 16 20 23 25 0
2 3 6 11 14 15 19 22 25 0
2 3 6 11 12 17 19 22 25 0
2 3 6 10 13 16 20 23 24 0
2 3 6 10 13 16 20 21 26 0
2 3 6 10 13 16 18 23 26 0
2 3 6 9 14 17 19 22 25 0
1 5 8 11 14 15 19 22 25 0
1 5 8 11 13 17 19 21 25 0
1 5 8 11 13 17 18 22 25 0
1 5 8 11 13 16 20 21 25 0
1 5 8 11 13 16 18 23 25 0
1 5 8 11 13 15 20 22 25 0
1 5 8 11 13 15 19 23 25 0
1 5 8 11 13 15 18 21 25 0
1 5 8 11 12 17 19 22 25 0
1 5 8 10 14 17 19 22 24 0
1 5 8 10 14 17 19 21 25 0
1 5 8 10 14 16 19 21 26 0
1 5 8 10 14 15 19 22 26 0
1 5 8 10 14 15 19 21 24 0
1 5 8 10 13 17 20 21 25 0
1 5 8 10 13 17 19 23 24 0
1 5 8 10 13 17 18 23 25 0
1 5 8 10 13 16 20 23 24 0
1 5 8 10 13 16 20 21 26 0
1 5 8 10 13 16 18 23 26 0
1 5 8 10 13 15 20 23 25 0
1 5 8 10 13 15 19 23 26 0
1 5 8 10 12 17 19 23 25 0
1 5 8 10 12 17 19 21 24 0
1 5 8 10 12 16 19 23 26 0
1 5 8 10 12 15 19 23 24 0
1 5 8 10 12 15 19 21 26 0
1 5 8 9 14 17 19 22 25 0
1 5 8 9 13 17 20 22 25 0
1 5 8 9 13 17 19 23 25 0
1 5 8 9 13 17 18 21 25 0
1 5 8 9 13 16 20 23 25 0
1 5 8 9 13 15 20 21 25 0
1 5 8 9 13 15 18 23 25 0
1 5 7 11 14 16 20 21 25 0
1 5 7 11 13 17 20 21 25 0
1 5 7 11 13 17 19 23 24 0
1 5 7 11 13 17 19 21 26 0
1 5 7 11 13 17 18 23 25 0
1 5 7 11 13 15 20 23 25 0
1 5 7 11 13 15 19 23 26 0
1 5 7 11 12 16 20 23 25 0
1 5 7 10 14 17 19 21 26 0
1 5 7 10 12 17 19 23 26 0
1 5 7 9 13 17 20 23 25 0
1 5 7 9 13 17 19 23 26 0
1 5 6 11 13 17 20 22 25 0
1 5 6 11 13 17 19 23 25 0
1 5 6 11 13 17 18 21 25 0
1 5 6 11 13 16 20 23 25 0
1 5 6 11 13 15 20 21 25 0
1 5 6 11 13 15 18 23 25 0
1 5 6 10 14 17 19 22 26 0
1 5 6 10 14 17 19 21 24 0
1 5 6 10 14 15 19 21 26 0
1 5 6 10 13 17 20 23 25 0
1 5 6 10 13 17 19 23 26 0
1 5 6 10 12 17 19 23 24 0
1 5 6 10 12 17 19 21 26 0
1 5 6 10 12 15 19 23 26 0
1 5 6 9 13 17 20 21 25 0
1 5 6 9 13 17 18 23 25 0
1 5 6 9 13 15 20 23 25 0
1 4 8 11 13 17 20 22 24 0
1 4 8 11 13 17 20 21 25 0
1 4 8 11 13 17 18 23 25 0
1 4 8 11 13 15 20 23 25 0
1 4 8 11 13 15 20 22 26 0
1 4 8 10 14 17 19 23 24 0
1 4 8 10 14 15 19 23 26 0
1 4 8 9 13 17 20 23 25 0
1 4 7 11 14 16 20 23 24 0
1 4 7 11 14 16 20 21 26 0
1 4 7 11 14 16 18 23 26 0
1 4 7 11 14 15 20 23 25 0
1 4 7 11 14 15 20 22 26 0
1 4 7 11 14 15 20 21 24 0
1 4 7 11 14 15 19 23 26 0
1 4 7 11 14 15 18 23 24 0
1 4 7 11 14 15 18 21 26 0
1 4 7 11 13 17 20 23 24 0
1 4 7 11 13 17 20 21 26 0
1 4 7 11 13 17 18 23 26 0
1 4 7 11 12 17 20 23 25 0
1 4 7 11 12 17 20 22 26 0
1 4 7 11 12 17 20 21 24 0
1 4 7 11 12 17 19 23 26 0
1 4 7 11 12 17 18 23 24 0
1 4 7 11 12 17 18 21 26 0
1 4 7 11 12 15 20 23 24 0
1 4 7 11 12 15 20 21 26 0
1 4 7 11 12 15 18 23 26 0
1 4 7 10 14 17 20 23 24 0
1 4 7 10 14 17 20 21 26 0
1 4 7 10 14 17 18 23 26 0
1 4 7 9 14 17 20 23 25 0
1 4 7 9 14 17 20 22 26 0
1 4 7 9 14 17 20 21 24 0
1 4 7 9 14 17 19 23 26 0
1 4 7 9 14 17 18 23 24 0
1 4 7 9 14 17 18 21 26 0
1 4 7 9 14 15 20 23 24 0
1 4 7 9 14 15 20 21 26 0
1 4 7 9 14 15 18 23 26 0
1 4 7 9 12 17 20 23 24 0
1 4 7 9 12 17 20 21 26 0
1 4 7 9 12 17 18 23 26 0
1 4 6 11 13 17 20 23 25 0
1 4 6 11 13 17 20 22 26 0
1 4 6 10 14 17 19 23 26 0
1 3 8 11 13 17 20 22 25 0
1 3 8 11 13 17 19 23 25 0
1 3 8 11 13 17 18 21 25 0
1 3 8 11 13 16 20 23 25 0
1 3 8 11 13 15 20 21 25 0
1 3 8 11 13 15 18 23 25 0
1 3 8 10 14 17 19 23 25 0
1 3 8 10 14 17 19 21 24 0
1 3 8 10 14 16 19 23 26 0
1 3 8 10 14 15 19 23 24 0
1 3 8 10 14 15 19 21 26 0
1 3 8 10 13 17 20 23 25 0
1 3 8 10 12 17 19 23 24 0
1 3 8 10 12 15 19 23 26 0
1 3 8 9 13 17 20 21 25 0
1 3 8 9 13 17 18 23 25 0
1 3 8 9 13 15 20 23 25 0
1 3 7 11 14 16 20 23 25 0
1 3 7 11 13 17 20 23 25 0
1 3 7 11 13 17 19 23 26 0
1 3 7 10 14 17 19 23 26 0
1 3 6 11 13 17 20 21 25 0
1 3 6 11 13 17 18 23 25 0
1 3 6 11 13 15 20 23 25 0
1 3 6 10 14 17 19 23 24 0
1 3 6 10 14 17 19 21 26 0
1 3 6 10 14 15 19 23 26 0
1 3 6 10 12 17 19 23 26 0
1 3 6 9 13 17 20 23 25 0
0 5 8 11 14 16 19 22 25 0
0 5 8 11 13 17 19 22 25 0
0 5 8 11 12 15 19 22 25 0
0 5 8 10 14 17 19 22 25 0
0 5 8 10 13 16 20 23 25 0
0 5 8 10 13 16 20 22 26 0
0 5 8 10 13 16 20 21 24 0
0 5 8 10 13 16 19 23 26 0
0 5 8 10 13 16 18 23 24 0
0 5 8 10 13 16 18 21 26 0
0 5 8 9 14 15 19 22 25 0
0 5 8 9 12 17 19 22 25 0
0 5 7 11 14 16 20 22 25 0
0 5 7 11 14 16 18 21 25 0
0 5 7 11 13 17 19 23 25 0
0 5 7 11 13 17 19 22 26 0
0 5 7 11 13 17 19 21 24 0
0 5 7 11 13 16 20 23 25 0
0 5 7 11 13 16 19 23 26 0
0 5 7 11 13 15 19 23 24 0
0 5 7 11 13 15 19 21 26 0
0 5 7 11 12 16 20 21 25 0
0 5 7 11 12 16 18 23 25 0
0 5 7 10 13 17 19 23 26 0
0 5 7 9 14 16 20 21 25 0
0 5 7 9 13 17 19 23 24 0
0 5 7 9 13 17 19 21 26 0
0 5 7 9 13 15 19 23 26 0
0 5 7 9 12 16 20 23 25 0
0 5 6 11 14 15 19 22 25 0
0 5 6 11 12 17 19 22 25 0
0 5 6 10 13 16 20 23 24 0
0 5 6 10 13 16 20 21 26 0
0 5 6 10 13 16 18 23 26 0
0 5 6 9 14 17 19 22 25 0
0 4 8 11 13 17 20 22 25 0
0 4 8 11 13 17 18 22 24 0
0 4 8 11 13 16 20 22 26 0
0 4 8 11 13 15 20 22 24 0
0 4 8 11 13 15 18 22 26 0
0 4 8 9 13 17 20 22 24 0
0 4 8 9 13 15 20 22 26 0
0 4 7 11 14 16 20 23 25 0
0 4 7 11 13 17 20 22 26 0
0 4 7 11 13 17 19 23 26 0
0 4 6 11 13 17 20 22 24 0
0 4 6 11 13 17 18 22 26 0
0 4 6 11 13 15 20 22 26 0
0 4 6 9 13 17 20 22 26 0
0 3 8 11 14 15 19 22 25 0
0 3 8 11 12 17 19 22 25 0
0 3 8 10 13 16 20 23 24 0
0 3 8 10 13 16 20 21 26 0
0 3 8 10 13 16 18 23 26 0
0 3 8 9 14 17 19 22 25 0
0 3 7 11 14 16 20 21 25 0
0 3 7 11 14 16 18 23 25 0
0 3 7 11 13 17 19 23 24 0
0 3 7 11 13 17 19 21 26 0
0 3 7 11 13 15 19 23 26 0
0 3 7 11 12 16 20 23 25 0
0 3 7 9 14 16 20 23 25 0
0 3 7 9 13 17 19 23 26 0
2 5 7 10 14 17 20 22 25 0
2 5 7 10 13 17 20 23 25 0
2 5 7 10 13 17 20 22 26 0
2 4 8 11 14 16 19 23 25 0
2 4 8 11 13 17 19 23 25 0
2 4 8 11 13 16 19 23 26 0
2 4 8 10 14 17 19 23 25 0
2 4 8 10 13 17 20 23 25 0
2 4 7 10 14 17 20 23 25 0
1 5 8 11 14 16 19 22 26 0
1 5 8 11 13 16 20 22 26 0
1 5 8 11 13 16 19 23 26 0
1 5 7 11 14 16 20 22 26 0
1 5 7 11 13 17 20 22 26 0
1 5 7 10 14 17 20 22 26 0
1 4 8 11 14 16 19 23 26 0
