@relation vote-rm_attr_w_10p_missing-rm_inst_w_missing-weka.filters.unsupervised.attribute.Discretize-D-F-B8-M-1.0-Rfirst-last-nominal2binarysplit_minmulti.py-choose_class.py-vdemocrat

@0:	handicapped_infants = n
@1:	handicapped_infants = y
@2:	handicapped_infants = other
@3:	water_project_cost_sharing = n
@4:	water_project_cost_sharing = y
@5:	water_project_cost_sharing = other
@6:	adoption_of_the_budget_resolution = n
@7:	adoption_of_the_budget_resolution = y
@8:	adoption_of_the_budget_resolution = other
@9:	physician_fee_freeze = n
@10:	physician_fee_freeze = y
@11:	physician_fee_freeze = other
@12:	el_salvador_aid = n
@13:	el_salvador_aid = y
@14:	el_salvador_aid = other
@15:	religious_groups_in_schools = n
@16:	religious_groups_in_schools = y
@17:	religious_groups_in_schools = other
@18:	anti_satellite_test_ban = n
@19:	anti_satellite_test_ban = y
@20:	anti_satellite_test_ban = other
@21:	aid_to_nicaraguan_contras = n
@22:	aid_to_nicaraguan_contras = y
@23:	aid_to_nicaraguan_contras = other
@24:	mx_missile = n
@25:	mx_missile = y
@26:	mx_missile = other
@27:	immigration = n
@28:	immigration = y
@29:	immigration = other
@30:	synfuels_corporation_cutback = n
@31:	synfuels_corporation_cutback = y
@32:	synfuels_corporation_cutback = other
@33:	education_spending = n
@34:	education_spending = y
@35:	education_spending = other
@36:	superfund_right_to_sue = n
@37:	superfund_right_to_sue = y
@38:	superfund_right_to_sue = other
@39:	crime = n
@40:	crime = y
@41:	crime = other
@42:	duty_free_exports = n
@43:	duty_free_exports = y
@44:	duty_free_exports = other
@45:	export_administration_act_south_africa = n
@46:	export_administration_act_south_africa = y
@47:	export_administration_act_south_africa = other
@class:	1='democrat'	 0={'republican'}
@data

0 4 6 10 13 16 18 21 24 28 32 34 37 40 42 46 0
0 4 6 10 13 16 18 21 24 27 30 34 37 40 42 47 0
2 4 7 11 13 16 18 21 24 27 31 33 37 40 42 45 1
0 4 7 9 14 16 18 21 24 27 31 33 37 39 42 46 1
1 4 7 9 13 16 18 21 24 27 31 35 37 40 43 46 1
0 4 7 9 13 16 18 21 24 27 30 33 37 40 43 46 1
0 4 6 10 13 16 18 21 24 27 30 33 38 40 43 46 1
0 4 6 10 13 16 18 21 24 27 30 33 37 40 44 46 0
0 4 6 10 13 16 18 21 24 27 30 34 37 40 42 46 0
1 4 7 9 12 15 19 22 25 27 30 33 36 39 44 47 1
0 4 6 10 13 15 18 21 24 27 32 35 37 40 42 45 0
0 4 6 10 13 16 18 21 24 27 31 35 37 40 44 47 0
0 4 7 9 12 15 19 22 25 27 30 33 37 39 44 47 1
1 4 7 9 12 16 19 22 26 28 31 35 36 39 43 47 1
0 4 6 10 13 16 18 21 24 27 30 34 38 41 42 47 0
0 4 6 10 13 16 18 21 24 28 30 34 37 41 42 47 0
1 3 7 9 12 16 18 22 26 28 31 34 38 39 42 46 1
1 5 7 9 12 15 19 22 25 27 30 33 37 39 43 46 1
0 4 6 10 13 16 18 21 24 27 30 35 37 40 42 45 0
1 4 7 9 12 15 19 22 25 27 31 33 36 39 43 46 1
1 4 7 9 12 17 19 22 24 27 31 33 36 39 43 46 1
1 4 7 9 12 15 19 22 25 27 30 33 38 41 43 46 1
1 5 7 9 12 15 19 22 25 27 30 35 36 39 43 46 1
1 4 7 9 12 15 19 22 25 27 30 33 36 39 43 46 1
1 3 7 9 12 15 19 22 25 27 30 33 36 39 43 47 1
1 3 7 9 12 15 19 22 25 28 30 33 36 39 43 46 1
1 3 7 9 12 15 19 22 25 27 31 33 36 39 43 46 1
1 4 7 9 12 15 19 22 25 27 31 33 36 39 43 46 1
1 3 6 10 13 15 19 22 25 27 30 34 37 40 42 46 0
1 4 7 9 12 15 19 22 25 27 31 33 36 39 43 46 1
0 4 6 10 13 16 18 21 24 27 30 34 37 40 42 45 0
1 4 7 9 12 15 19 22 25 27 31 33 36 39 43 47 1
1 4 7 9 12 15 19 22 25 28 30 33 37 39 43 46 1
0 4 6 10 13 16 18 21 24 27 30 34 37 40 42 46 0
1 4 7 9 12 15 19 22 25 27 30 33 36 39 43 46 1
0 4 6 10 13 16 18 21 24 27 30 34 37 40 42 45 0
1 5 6 10 13 16 18 21 24 28 30 34 38 40 42 46 0
1 4 6 10 13 16 18 21 24 27 30 33 37 40 42 46 0
0 4 6 10 13 16 18 21 24 28 30 34 37 40 42 45 0
1 3 7 9 12 15 19 22 25 28 31 33 37 39 43 46 1
1 4 7 9 12 15 19 22 25 27 32 33 36 39 42 47 1
1 4 7 9 12 15 19 22 25 27 30 33 36 39 43 47 1
1 3 7 9 12 15 19 22 25 27 30 33 36 39 42 46 1
1 3 7 9 12 15 19 22 25 27 30 33 36 39 43 46 1
1 4 7 9 12 15 19 22 25 27 31 33 36 39 42 47 1
1 4 7 9 12 15 19 22 26 27 31 33 36 39 43 47 1
1 4 7 9 12 15 19 22 25 27 30 33 36 39 42 46 1
1 3 7 9 12 15 19 22 26 27 30 33 36 39 42 47 1
1 4 7 9 12 15 19 22 24 27 30 33 36 40 42 46 1
0 5 6 10 13 16 18 21 24 27 30 34 37 40 42 45 0
1 4 7 9 12 15 19 22 25 27 31 33 36 39 43 46 1
0 4 6 10 13 16 18 23 24 27 30 34 37 40 42 46 0
1 4 7 9 12 15 19 22 25 27 30 33 36 39 44 47 1
1 4 6 10 13 16 18 21 24 28 30 34 37 40 42 45 0
1 4 7 9 12 16 20 22 24 27 31 34 36 40 42 47 1
0 4 6 10 13 16 18 21 24 28 31 34 37 40 42 45 0
0 4 6 10 13 16 18 21 24 28 31 34 37 40 42 46 0
0 4 6 10 13 16 18 21 24 28 30 34 37 40 42 46 0
0 4 6 10 13 16 18 21 24 28 30 34 37 40 42 46 0
0 4 6 10 13 16 18 21 24 28 30 34 37 40 42 47 0
1 4 7 9 12 17 19 22 25 28 30 33 36 39 43 47 1
0 4 6 10 13 16 18 21 24 27 30 34 37 40 42 45 0
1 4 7 9 12 15 19 22 25 27 30 33 36 39 42 47 1
1 4 7 9 12 15 19 22 25 27 31 33 36 39 42 46 1
1 4 7 9 12 15 19 22 25 27 31 35 36 39 42 46 1
1 4 6 10 13 16 19 21 24 27 30 34 37 40 42 46 0
0 4 6 10 13 16 19 21 24 27 31 34 37 40 42 46 0
0 4 6 10 13 16 18 21 24 28 30 34 37 40 42 45 0
1 5 7 9 12 15 19 22 25 27 30 33 37 39 43 46 1
1 4 7 9 12 15 19 22 25 27 30 33 36 39 43 46 1
1 3 7 9 12 15 19 22 25 27 30 33 37 39 43 47 1
1 4 7 10 12 15 19 22 25 28 31 33 36 40 42 46 0
1 4 7 9 12 15 19 22 25 27 31 33 36 39 43 47 1
1 3 7 10 13 15 19 21 25 28 30 33 37 40 42 46 0
1 3 7 9 12 16 19 22 25 28 31 33 36 40 43 46 1
0 4 7 10 13 16 18 21 24 28 31 33 37 40 42 45 1
0 4 7 9 13 16 18 21 24 28 31 34 37 40 42 47 1
0 4 7 10 13 16 18 22 25 28 31 34 37 40 42 46 1
1 4 7 9 13 16 18 21 24 28 31 33 37 40 42 46 1
0 3 6 10 13 15 18 21 24 28 30 34 37 40 42 45 0
1 3 7 9 12 16 19 22 25 28 30 34 36 40 42 47 1
1 3 7 9 12 15 19 22 26 28 31 34 36 40 42 46 1
0 3 6 10 13 16 18 21 24 28 30 34 37 40 42 46 0
0 3 6 10 13 16 18 21 24 27 30 34 37 40 42 45 0
0 5 6 10 13 16 18 21 24 28 30 34 37 40 42 45 0
0 3 7 9 13 16 18 21 24 28 31 34 37 40 42 46 1
0 3 6 10 13 16 18 21 24 28 30 34 37 40 42 45 0
0 3 6 10 13 16 18 21 24 27 30 34 37 40 42 45 0
0 4 7 9 13 16 19 21 25 28 31 33 37 40 42 46 1
0 3 6 10 13 16 18 21 24 28 30 35 37 40 42 47 0
1 3 7 9 12 15 19 22 25 28 30 33 36 39 43 46 1
1 3 7 9 12 15 19 22 25 28 31 33 36 39 43 46 1
1 4 7 9 12 15 19 22 24 28 31 33 36 41 43 46 1
1 3 7 9 12 15 19 21 25 28 31 33 36 39 43 46 1
1 3 7 9 13 16 18 21 24 27 30 33 36 39 42 46 1
1 3 7 9 13 16 18 23 26 27 31 35 38 41 43 46 1
0 3 8 9 13 16 18 21 24 27 31 34 37 40 42 46 1
1 3 6 9 13 16 19 21 24 28 31 33 36 40 42 46 1
1 4 7 9 12 16 19 22 25 28 30 33 36 39 42 46 1
0 3 6 10 13 16 18 21 24 28 32 34 37 40 42 45 0
1 3 6 9 13 16 18 21 24 27 31 34 36 40 42 46 1
1 3 7 9 13 16 19 21 24 27 31 33 36 40 42 46 1
1 3 7 9 13 16 19 21 26 27 31 33 37 40 43 47 1
1 3 6 9 13 16 20 21 26 27 30 33 36 40 44 45 1
2 5 8 11 12 16 19 22 25 28 32 33 37 40 42 47 1
1 4 7 9 12 15 18 22 25 27 31 33 36 39 43 46 1
0 4 6 10 13 16 18 21 24 27 30 34 37 40 42 46 0
0 5 8 11 14 17 20 23 26 29 32 35 38 40 44 47 0
1 5 7 9 12 15 19 22 25 27 30 33 36 39 43 47 1
1 5 7 9 12 15 19 22 25 27 30 33 36 39 43 47 1
0 3 7 9 12 15 19 22 25 28 30 33 36 39 43 46 1
0 5 6 10 13 16 18 21 24 28 30 34 37 40 42 46 0
0 5 7 9 12 16 19 22 24 28 30 33 36 39 43 47 1
0 5 6 10 13 16 18 21 24 28 30 34 37 40 42 45 0
1 5 7 9 12 15 19 22 25 27 30 33 36 39 43 47 1
0 5 7 9 14 17 19 22 25 28 32 35 36 39 43 46 1
1 3 7 9 12 15 19 22 25 27 31 33 36 39 43 46 1
1 4 7 10 13 15 19 21 24 27 30 34 37 40 42 46 0
0 4 7 9 12 15 18 22 25 28 31 33 36 39 43 46 1
0 3 6 10 13 16 18 21 24 27 30 34 37 40 42 45 0
0 5 8 10 13 16 18 21 24 28 30 34 37 40 44 46 0
0 5 6 10 13 16 18 21 24 28 30 34 37 40 42 46 0
0 3 6 10 13 16 18 21 24 28 30 34 36 40 42 46 0
1 5 6 10 13 16 18 22 24 27 30 34 37 40 42 46 0
0 5 7 9 12 15 19 22 25 27 30 33 36 39 43 46 1
0 5 6 10 13 16 18 21 24 28 30 34 37 40 42 46 0
0 5 6 10 13 16 18 21 24 27 30 34 37 40 42 45 0
0 5 7 9 12 15 19 22 25 28 31 33 36 40 43 46 1
0 5 7 9 12 16 18 22 24 28 31 33 36 39 43 46 1
2 5 7 9 12 15 19 22 26 27 32 35 38 41 44 47 1
1 5 7 9 14 17 19 22 25 27 30 33 36 39 43 47 1
0 3 7 9 12 16 18 22 25 28 30 33 36 40 42 46 1
0 3 6 10 13 16 18 21 24 28 30 34 37 40 42 47 0
0 3 6 10 13 16 18 21 24 28 30 34 37 40 42 46 0
0 3 6 10 13 16 18 21 24 27 30 34 37 40 42 47 0
0 3 6 10 13 16 18 21 24 28 30 34 37 40 42 45 0
0 4 6 10 13 16 18 21 24 28 31 34 37 39 42 46 0
0 5 7 9 12 16 19 22 25 28 30 33 36 40 43 46 1
0 3 7 9 12 16 19 22 25 28 30 33 36 40 42 46 1
1 3 7 9 12 16 19 22 25 27 30 33 36 39 43 46 1
0 3 6 10 12 15 19 22 25 28 30 33 37 40 42 46 0
0 3 6 10 13 16 19 22 25 28 30 34 37 40 44 46 0
0 3 6 10 13 16 19 22 25 28 30 34 37 40 42 46 0
2 4 6 9 12 15 19 22 25 28 31 33 36 40 43 46 1
0 5 6 9 12 16 19 22 25 28 30 33 36 40 42 47 1
0 3 7 9 12 16 19 22 25 28 30 33 36 40 44 46 1
0 4 6 10 13 16 18 21 24 27 30 34 37 40 42 46 0
0 3 6 9 12 15 19 22 25 28 30 34 37 40 43 46 1
0 4 6 10 13 16 18 21 24 28 31 34 37 40 42 46 0
0 3 7 9 12 15 19 22 25 28 30 33 37 39 43 46 1
1 4 6 10 13 16 18 21 24 28 30 34 37 40 42 46 0
1 4 8 10 13 16 18 21 25 27 31 35 37 40 42 45 1
0 4 7 9 12 16 18 22 25 28 31 33 37 39 43 46 1
0 3 7 9 12 16 19 22 25 28 31 33 37 40 42 46 1
0 4 6 10 13 16 18 21 24 27 30 34 37 40 42 45 0
1 4 6 10 13 16 18 23 24 27 31 34 37 40 42 45 0
1 4 6 10 13 16 19 21 24 27 30 34 37 40 42 45 0
0 4 7 9 12 16 18 22 25 27 31 33 38 41 44 47 1
0 4 6 10 13 16 18 21 24 28 30 34 37 40 42 45 0
0 4 7 9 14 16 19 22 25 28 31 33 36 41 42 47 1
0 4 6 9 13 16 18 21 24 27 30 34 37 40 43 46 1
0 3 6 9 13 16 19 21 24 27 30 34 37 40 42 46 1
0 4 7 9 13 16 19 21 24 27 31 34 37 40 42 46 1
0 4 6 10 13 16 19 21 24 27 30 34 37 40 42 46 0
1 4 6 9 13 16 18 21 24 28 31 34 37 40 42 47 1
0 4 7 9 12 16 19 22 25 28 31 33 37 39 43 47 1
1 3 7 10 13 16 19 22 24 28 30 34 36 40 43 46 0
1 3 7 10 13 16 19 22 24 28 31 34 36 40 43 46 0
0 3 7 10 13 16 18 21 25 27 30 33 37 40 43 47 1
1 3 7 9 12 15 19 22 25 28 31 33 36 40 42 46 1
1 3 7 9 12 15 20 22 25 29 30 33 36 39 43 47 1
0 5 6 10 13 16 18 21 24 28 30 34 37 40 42 46 0
0 4 7 9 12 15 19 22 25 28 30 33 38 39 43 46 1
0 3 6 9 13 16 18 21 24 28 31 34 37 40 42 46 1
1 5 7 9 12 15 19 22 25 27 30 33 36 39 43 47 1
0 4 7 9 12 15 19 22 25 28 30 33 36 39 43 46 1
0 3 7 10 12 15 19 22 25 28 30 33 36 40 43 46 0
0 3 7 9 12 15 19 22 25 28 31 35 36 39 43 46 1
2 3 7 9 12 15 19 22 25 28 31 35 36 39 43 47 1
1 3 7 9 12 15 19 22 25 28 30 33 36 39 43 46 1
2 5 7 9 12 15 19 22 25 29 32 33 36 39 44 47 1
0 3 7 9 12 15 19 22 25 28 31 33 36 39 43 46 1
1 5 7 9 12 15 19 22 25 27 30 33 36 39 43 46 1
2 5 8 11 14 17 20 23 25 29 32 35 38 41 44 47 1
0 3 7 9 12 15 19 22 25 28 31 33 36 39 43 46 1
1 3 7 9 12 15 19 22 25 28 30 35 36 39 43 46 1
0 4 7 9 12 15 19 22 25 28 31 33 36 39 43 46 1
1 3 7 9 12 15 19 22 25 27 30 33 36 39 43 47 1
1 5 6 10 13 16 19 22 24 27 30 34 38 40 44 47 0
1 3 7 9 12 15 19 22 25 27 30 33 36 39 43 46 1
0 5 6 10 13 16 18 21 24 27 30 34 37 40 42 47 0
0 4 6 10 13 16 18 23 24 28 30 34 37 40 42 47 0
0 3 6 9 12 16 19 22 25 27 31 33 36 40 43 46 1
0 3 7 9 12 15 19 22 25 27 30 33 36 39 43 46 1
0 3 7 9 12 16 19 23 25 28 31 33 36 39 43 46 1
0 3 6 10 13 16 18 21 24 27 30 34 37 40 42 47 0
0 3 7 9 12 16 19 22 25 27 31 34 36 40 43 47 1
0 5 7 10 13 16 18 21 24 28 30 33 36 40 42 46 0
0 3 7 9 12 15 19 22 25 28 31 33 38 39 43 47 1
1 4 6 9 12 15 19 22 26 27 31 33 36 39 43 47 1
0 3 7 9 12 15 19 22 25 27 30 33 36 40 43 46 1
1 4 7 9 12 15 19 22 25 27 30 33 36 39 43 46 1
1 3 7 9 12 16 19 22 25 28 31 33 36 39 43 46 1
1 3 7 9 12 15 19 22 25 28 30 33 36 39 43 46 1
0 3 7 10 13 16 19 21 24 27 30 34 37 40 42 46 0
0 3 7 9 12 16 19 22 25 28 30 34 36 39 42 46 1
0 3 6 10 13 16 18 21 24 28 30 34 36 40 42 46 0
1 5 6 10 13 16 19 21 24 28 30 34 37 40 42 46 0
0 3 7 9 12 15 19 22 25 27 30 35 36 39 43 46 1
1 4 7 9 12 15 19 22 25 28 31 33 36 39 42 46 1
0 3 7 9 12 16 19 22 25 27 30 33 36 39 43 46 1
0 4 6 10 13 16 18 21 24 28 30 34 37 40 42 46 0
0 3 7 9 12 15 19 22 25 27 31 33 36 39 43 46 1
0 4 7 9 12 16 18 22 25 27 31 33 37 39 43 46 1
1 4 6 10 13 16 18 21 24 28 30 34 37 40 42 46 0
0 4 7 10 13 16 18 21 24 28 31 34 37 40 43 47 1
1 4 7 9 13 16 18 21 26 28 30 33 36 40 43 47 1
0 4 6 10 13 16 18 21 24 28 30 34 37 40 42 45 0
1 5 7 9 12 15 19 22 25 27 32 33 36 39 43 47 1
0 4 7 9 12 15 18 22 25 27 31 33 36 40 43 46 1
0 3 7 9 12 15 19 22 25 27 30 33 36 39 43 47 1
0 4 7 9 13 16 18 21 24 27 31 33 36 39 43 47 1
1 3 7 9 12 15 19 22 25 27 31 33 36 39 43 47 1
0 3 6 10 13 15 18 21 24 27 30 34 37 40 42 46 0
0 4 6 10 13 16 18 21 24 28 30 35 37 40 42 45 0
0 5 6 10 13 16 18 21 24 27 30 34 37 40 42 46 0
0 3 7 9 12 16 19 22 25 27 31 33 36 40 43 46 1
1 3 7 9 12 15 19 22 25 27 30 33 36 39 44 46 1
0 4 6 10 13 16 18 21 24 27 30 34 37 41 42 46 0
0 4 7 10 13 16 19 21 25 28 30 34 37 40 42 46 0
0 4 6 10 13 16 18 21 24 27 30 34 37 40 42 46 0
0 4 6 10 13 16 18 21 25 28 30 34 37 40 42 46 0
0 4 7 9 12 15 19 22 24 27 31 33 36 39 43 47 1
0 4 6 10 13 16 18 21 24 28 30 34 37 40 42 46 0
0 3 7 9 12 16 19 22 25 28 30 34 36 40 43 47 1
0 3 6 10 13 16 18 21 24 28 30 34 36 40 42 46 0
0 3 7 9 12 15 19 22 25 27 30 33 36 39 43 46 1
1 3 7 9 12 16 19 22 24 27 30 34 37 39 42 46 1
1 4 7 9 12 15 19 22 26 28 30 33 36 39 43 47 1
0 3 6 10 13 16 19 21 24 28 30 33 36 40 43 46 0
0 3 6 10 12 16 19 23 25 27 30 34 37 40 42 46 0
1 3 7 9 12 15 19 22 25 28 31 33 36 40 43 46 1
0 3 6 9 13 16 19 21 24 27 30 35 36 40 43 46 0
0 4 7 9 12 15 19 22 26 28 30 33 37 39 43 46 1
1 3 7 9 12 15 18 22 25 28 30 33 36 39 43 46 1
1 3 7 9 12 15 19 22 25 28 31 33 36 39 43 46 1
0 3 7 9 13 15 19 22 25 27 30 33 36 40 44 46 1
0 4 6 10 13 16 20 21 24 27 30 35 37 40 42 45 0
2 5 8 11 14 17 20 23 26 29 32 35 38 41 44 47 0
1 3 7 9 12 15 19 22 26 27 31 33 36 39 43 46 1
0 4 6 10 13 16 18 21 24 27 30 34 37 40 42 45 0
0 4 6 10 13 16 18 21 24 27 30 34 37 40 42 45 0
1 4 7 9 12 16 19 22 25 27 30 33 36 39 43 46 1
0 4 6 10 13 16 18 21 24 27 30 34 37 40 42 46 0
1 3 7 9 12 15 19 22 25 28 30 33 36 39 42 46 1
1 3 7 9 12 15 19 22 25 28 30 33 36 40 43 46 1
0 3 6 10 13 15 18 21 24 27 30 34 36 40 42 45 0
0 3 6 10 13 15 18 21 24 27 30 34 36 40 44 46 0
0 3 7 9 12 15 19 22 25 27 31 33 36 39 43 46 1
1 3 7 9 12 15 19 22 25 27 30 33 36 39 42 46 1
1 3 7 9 12 15 19 22 25 28 30 33 36 39 42 46 1
1 3 7 9 12 17 19 22 25 27 32 35 36 41 44 47 1
1 3 7 9 12 15 19 22 25 28 30 33 38 39 43 46 1
1 3 7 9 12 15 19 22 25 27 30 33 36 39 43 47 1
1 3 7 9 12 15 19 22 25 27 30 33 36 39 43 47 1
1 3 7 9 12 15 19 22 25 28 30 33 36 39 42 46 1
0 3 6 10 13 16 18 21 24 28 30 34 36 40 42 46 0
1 3 6 9 12 15 19 22 25 28 30 33 36 40 42 46 0
1 3 7 9 12 15 19 22 25 27 30 33 36 39 43 47 1
1 3 7 9 12 15 19 22 25 27 30 33 36 39 42 46 1
1 4 7 9 12 15 19 22 25 27 30 33 36 39 43 46 1
0 4 7 9 12 16 19 22 25 27 32 33 36 39 42 46 1
1 3 7 9 12 15 19 22 25 28 30 33 36 39 43 47 1
0 3 6 10 13 15 19 22 24 28 30 34 37 40 44 46 0
1 3 6 10 13 15 19 21 24 28 30 33 36 40 43 46 0
0 3 7 9 13 16 18 21 24 27 32 33 37 40 42 45 1
0 3 6 10 13 16 18 21 24 27 30 34 37 40 43 45 0
0 3 7 10 13 16 19 22 24 28 30 33 36 40 42 46 0
0 3 6 10 13 16 18 21 24 27 30 34 37 40 42 46 0
0 3 6 10 13 16 18 21 24 28 30 34 37 40 42 45 0
0 3 7 9 12 15 19 22 25 28 30 33 36 40 42 46 1
1 3 7 10 13 16 19 22 24 27 30 33 36 40 42 47 0
1 3 6 10 13 16 18 21 24 28 30 35 37 40 42 45 0
0 3 6 10 13 16 18 21 24 27 30 34 37 40 42 46 0
0 3 7 9 12 16 19 22 25 28 31 33 36 39 44 46 1
0 3 7 9 12 16 19 22 25 28 31 33 36 39 43 46 1
0 3 7 9 12 16 20 22 26 28 31 34 36 40 43 47 1
1 4 7 11 12 16 19 22 25 27 31 33 37 39 44 46 1
1 4 7 9 13 16 18 22 24 28 31 33 37 40 43 46 1
1 4 7 9 13 16 18 22 24 28 31 33 37 40 42 47 1
1 3 7 9 14 16 20 22 25 28 30 33 37 40 42 46 1
1 3 7 9 12 16 19 22 25 28 30 35 36 40 42 46 1
1 3 7 9 12 16 19 22 24 28 31 33 37 40 43 46 1
1 4 7 9 12 16 19 22 25 28 31 33 37 40 43 46 1
0 4 7 9 12 16 19 22 24 28 31 33 37 40 42 47 1
0 4 6 10 13 16 20 23 24 28 30 34 38 41 44 47 0
0 3 7 10 13 16 18 21 24 28 30 34 37 40 43 46 0
1 4 7 9 12 16 19 22 25 28 30 33 38 39 43 47 1
0 4 6 9 12 15 19 22 25 28 31 33 36 39 43 46 1
0 4 7 9 12 16 19 22 25 28 30 33 37 40 43 46 1
0 3 6 10 13 15 19 22 25 28 30 34 37 40 42 46 0
0 3 8 9 12 16 19 22 25 27 30 33 36 39 43 46 1
0 3 6 10 13 16 19 21 24 28 30 34 37 40 42 46 0
0 3 6 10 13 16 18 21 24 27 30 34 37 40 42 45 0
0 4 6 10 13 16 18 21 24 28 30 34 37 40 42 47 0
0 3 6 10 13 16 18 21 24 28 30 34 37 40 42 45 0
0 3 6 10 13 16 18 21 24 27 30 34 37 40 42 45 0
1 3 7 9 12 16 19 22 25 27 30 33 36 40 42 47 1
0 3 6 10 13 16 18 21 24 28 30 34 37 40 42 45 0
1 3 6 9 12 16 19 22 25 28 30 33 36 40 43 46 1
0 3 6 10 13 16 18 21 24 28 30 34 37 40 43 45 0
0 3 7 9 12 16 19 22 25 28 30 33 37 39 42 46 1
1 4 7 9 12 15 19 22 25 28 30 33 36 39 43 46 1
0 4 7 10 13 16 18 21 24 28 30 34 37 40 42 46 0
0 4 6 10 13 16 19 22 24 27 31 34 37 40 43 46 0
0 4 7 10 13 16 19 23 24 27 30 33 38 41 43 47 0
0 3 6 9 12 16 18 22 25 27 31 34 37 40 43 45 1
1 3 6 9 12 15 19 22 25 28 30 33 36 39 43 46 1
0 3 7 9 12 15 19 22 25 27 30 33 36 39 43 47 1
1 3 7 9 12 15 19 22 25 27 30 33 36 39 43 47 1
0 4 7 9 12 16 18 22 25 28 30 33 37 40 42 46 1
1 4 7 9 12 15 19 22 25 28 30 33 37 39 42 46 1
1 4 7 9 14 16 18 23 24 27 31 33 37 40 42 47 1
1 4 7 9 13 16 18 22 26 28 30 33 37 40 42 47 1
0 4 6 10 13 16 18 21 24 27 31 34 37 40 42 45 0
0 4 6 9 13 16 18 21 26 27 30 34 37 40 42 46 1
1 4 6 10 12 15 19 22 25 27 31 33 36 40 42 46 1
0 4 6 10 13 16 18 21 24 27 30 34 37 40 42 46 0
1 4 7 9 12 15 19 22 25 27 31 33 36 39 42 46 1
1 5 7 9 12 16 19 22 25 28 30 33 36 39 43 47 1
0 4 6 10 13 16 18 21 24 28 30 34 37 40 42 45 0
1 5 7 9 12 15 19 22 25 27 30 33 36 39 43 47 1
1 3 7 9 12 15 19 22 25 27 31 33 36 39 43 47 1
0 3 7 9 12 15 19 22 25 27 30 33 36 39 43 46 1
0 4 7 9 12 16 19 22 26 27 31 34 36 39 43 46 1
0 3 6 10 13 16 18 21 24 28 31 34 37 40 42 47 0
0 3 7 9 12 16 19 22 24 27 31 33 36 40 44 46 1
1 3 7 9 12 15 19 22 25 27 30 33 36 39 43 46 1
1 3 7 9 12 15 19 22 25 28 30 33 36 40 43 46 1
1 3 6 10 13 16 18 21 24 27 31 34 37 40 42 45 0
0 3 6 10 13 16 18 21 24 28 31 34 36 40 42 46 0
0 5 7 11 12 16 19 22 25 28 31 33 38 41 43 46 1
0 4 7 9 13 17 19 21 24 28 31 33 37 39 43 46 1
0 3 6 10 13 15 19 21 25 28 30 33 36 40 42 46 0
0 3 7 9 12 15 19 22 25 28 31 33 36 39 43 46 1
0 3 6 10 13 16 19 21 24 28 30 34 36 40 43 46 0
0 3 6 10 13 16 18 21 24 28 30 34 37 40 42 46 0
1 3 6 10 13 16 18 21 24 28 30 34 37 40 42 45 0
1 3 7 9 12 15 19 22 25 28 30 34 36 39 43 47 1
0 4 7 10 13 16 19 22 25 27 30 34 37 40 42 46 0
0 4 6 9 12 16 19 21 25 27 31 33 36 39 43 46 1
0 3 7 10 13 16 19 22 25 28 30 34 37 40 43 46 0
0 4 6 10 12 16 19 22 25 27 31 33 37 39 43 47 1
0 3 7 10 13 16 19 21 24 28 31 34 37 40 42 46 0
0 4 7 9 12 16 19 22 25 28 30 35 36 39 43 46 1
1 3 7 10 12 15 18 22 25 28 30 33 36 40 43 46 0
0 3 6 10 13 16 18 21 24 27 30 34 37 40 42 45 0
0 3 6 10 13 16 18 21 24 27 30 34 37 40 42 45 0
1 4 7 9 12 16 19 22 25 28 31 34 37 40 42 47 1
0 3 6 10 13 16 18 21 24 28 32 34 37 40 42 46 0
1 3 7 9 12 16 19 22 25 28 30 33 37 39 42 46 1
1 3 7 9 13 16 19 21 25 28 30 33 37 40 42 47 1
1 4 7 9 12 16 19 22 25 28 31 34 37 39 42 46 1
1 4 6 10 13 16 18 21 24 28 31 33 37 39 42 45 0
1 4 6 10 13 16 18 21 24 27 31 33 37 40 42 46 0
0 4 6 9 13 16 18 21 24 28 31 33 37 40 42 45 1
1 3 7 9 12 15 19 22 24 28 31 33 36 39 42 47 1
1 4 7 9 13 16 19 22 24 28 31 33 36 39 43 47 1
0 4 7 9 12 16 19 22 24 28 30 33 36 39 43 46 1
0 4 6 10 13 16 18 21 24 27 30 33 37 40 42 46 0
1 4 7 9 14 16 19 22 24 28 32 35 36 39 43 46 1
1 4 7 9 14 15 19 22 25 28 30 33 36 39 43 47 1
0 4 7 10 13 16 18 21 24 27 31 34 38 40 42 45 1
0 4 7 11 13 16 18 22 24 28 32 33 37 40 44 46 1
0 4 6 10 13 16 18 21 24 27 30 34 37 40 42 46 0
0 4 6 10 13 16 18 21 24 27 31 34 36 40 42 45 1
1 5 7 9 12 15 19 22 25 27 31 33 36 39 43 46 1
0 4 6 10 13 16 20 23 24 27 32 35 37 41 44 47 0
0 3 6 10 13 16 18 21 24 27 30 34 37 40 42 46 0
0 3 6 10 13 16 18 21 24 27 30 34 37 40 42 46 0
1 4 7 9 12 16 20 22 25 27 31 33 37 39 43 46 1
1 4 7 9 13 16 19 22 25 28 31 33 37 40 42 47 1
1 4 6 10 13 16 18 21 24 27 31 33 37 40 42 47 1
1 4 7 9 13 16 18 22 25 28 31 33 36 39 42 46 1
1 4 7 10 13 16 18 21 24 27 31 34 37 40 42 46 1
1 4 6 9 13 16 18 21 24 27 31 34 37 40 43 45 1
0 5 7 9 13 16 18 22 24 27 31 33 36 39 42 47 1
1 4 7 9 13 16 18 22 25 27 31 33 36 40 42 47 1
0 4 7 10 13 16 18 21 24 27 30 34 37 40 42 47 1
1 3 7 9 12 15 19 22 25 29 31 33 36 39 43 47 1
2 5 6 9 14 16 20 21 24 27 31 34 36 40 42 47 1
1 4 6 9 12 15 18 22 25 27 31 33 36 39 43 45 1
1 4 6 10 13 16 18 21 24 27 31 34 37 40 42 46 0
2 5 8 11 12 16 18 22 25 27 30 34 37 39 42 47 0
1 4 8 11 14 16 18 21 24 27 31 33 37 39 42 46 1
1 4 7 11 12 15 18 22 24 27 31 35 36 39 43 46 1
1 4 7 9 13 16 18 22 24 27 31 33 37 39 43 46 1
1 4 6 9 13 17 18 21 24 27 31 33 37 40 42 46 1
0 4 7 9 13 16 18 22 24 27 30 33 36 39 42 46 1
0 4 6 10 14 16 18 21 24 28 30 34 37 40 42 45 0
0 4 6 10 13 16 18 23 24 27 32 35 38 40 42 47 0
0 4 6 10 13 16 18 21 24 28 31 34 37 40 42 45 0
2 3 7 10 12 16 19 22 25 28 30 34 36 40 42 46 0
0 4 6 10 13 16 18 21 24 28 30 34 38 40 42 45 0
1 4 6 10 13 16 18 21 24 28 30 34 37 40 42 46 0
0 3 6 10 13 16 18 21 24 27 30 34 37 40 42 46 0
1 3 7 9 13 16 18 21 25 28 30 33 37 40 42 46 1
0 3 6 10 13 16 18 21 24 27 31 34 37 40 42 45 1
1 3 7 9 12 16 19 22 25 27 30 34 38 40 43 46 1
0 3 6 10 13 16 18 21 24 27 30 34 37 40 42 45 0
0 3 6 10 13 16 18 21 24 27 31 34 37 40 42 46 0
1 3 7 9 12 16 19 22 25 28 31 33 36 39 42 46 1
0 3 6 10 13 16 18 21 24 28 30 34 37 40 42 46 0
1 4 7 10 13 16 19 22 24 28 32 35 38 40 42 46 0
1 4 7 9 12 15 19 22 25 27 30 33 36 39 42 46 1
0 4 7 9 12 16 19 22 26 28 30 33 36 39 42 46 1
1 4 6 10 13 16 18 21 24 28 30 33 37 40 42 46 0
1 4 7 9 12 15 19 22 25 28 31 33 37 39 42 46 1
1 4 7 9 12 15 19 22 24 28 30 33 36 39 42 46 1
1 4 7 9 12 15 19 22 25 27 30 33 36 39 42 46 1
1 4 7 10 13 16 19 22 24 28 30 33 37 40 42 46 0
0 4 7 9 13 16 19 22 24 27 31 33 37 39 43 46 1
0 3 7 9 12 16 19 22 25 27 31 33 36 39 43 46 1
0 4 7 9 12 16 19 22 25 27 31 33 36 40 43 46 1
0 4 7 9 12 17 19 22 25 28 31 33 38 40 43 46 1
0 3 7 9 12 15 19 22 24 28 31 33 36 39 43 47 1
1 3 7 9 12 15 19 22 25 28 30 33 36 39 43 46 1
0 3 6 10 13 16 19 22 24 28 30 34 37 40 42 46 0
2 5 8 9 12 15 19 22 25 28 30 33 37 39 43 46 1
1 3 7 9 14 15 19 22 25 28 30 34 36 41 43 46 1
0 3 7 10 13 16 18 21 25 28 30 34 37 40 42 46 0
0 3 7 9 12 15 19 22 25 28 30 33 36 39 42 46 1
0 5 6 10 13 16 18 21 24 27 31 34 37 40 42 46 0
0 3 6 10 13 16 20 23 26 29 30 34 37 40 42 46 0
0 4 6 10 13 16 18 21 24 28 30 34 37 40 44 45 0
