@relation zoo-rm_attr_w_10p_missing-rm_inst_w_missing-rm_attr_1-weka.filters.unsupervised.attribute.Discretize-D-F-B8-M-1.0-Rfirst-last-nominal2binarysplit_minmulti.py-choose_class.py-vmammal

@0:	hair = false
@1:	hair = true
@2:	feathers = false
@3:	feathers = true
@4:	eggs = false
@5:	eggs = true
@6:	milk = false
@7:	milk = true
@8:	airborne = false
@9:	airborne = true
@10:	aquatic = false
@11:	aquatic = true
@12:	predator = false
@13:	predator = true
@14:	toothed = false
@15:	toothed = true
@16:	backbone = false
@17:	backbone = true
@18:	breathes = false
@19:	breathes = true
@20:	venomous = false
@21:	venomous = true
@22:	fins = false
@23:	fins = true
@24:	legs = 0
@25:	legs = 2
@26:	legs = 4
@27:	legs = 5
@28:	legs = 6
@29:	legs = 8
@30:	tail = false
@31:	tail = true
@32:	domestic = false
@33:	domestic = true
@34:	catsize = false
@35:	catsize = true
@class:	1='mammal'	 0={'bird','reptile','fish','amphibian','insect','invertebrate'}
@data

1 2 4 7 8 10 13 15 17 19 20 22 26 30 32 35 1
1 2 4 7 8 10 12 15 17 19 20 22 26 31 32 35 1
0 2 5 6 8 11 13 15 17 18 20 23 24 31 32 34 0
1 2 4 7 8 10 13 15 17 19 20 22 26 30 32 35 1
1 2 4 7 8 10 13 15 17 19 20 22 26 31 32 35 1
1 2 4 7 8 10 12 15 17 19 20 22 26 31 32 35 1
1 2 4 7 8 10 12 15 17 19 20 22 26 31 33 35 1
0 2 5 6 8 11 12 15 17 18 20 23 24 31 33 34 0
0 2 5 6 8 11 13 15 17 18 20 23 24 31 32 34 0
1 2 4 7 8 10 12 15 17 19 20 22 26 30 33 34 1
1 2 4 7 8 10 13 15 17 19 20 22 26 31 32 35 1
0 3 5 6 9 10 12 14 17 19 20 22 25 31 33 34 0
0 2 5 6 8 11 13 15 17 18 20 23 24 31 32 34 0
0 2 5 6 8 10 13 14 16 18 20 22 24 30 32 34 0
0 2 5 6 8 11 13 14 16 18 20 22 26 30 32 34 0
0 2 5 6 8 11 13 14 16 18 20 22 28 30 32 34 0
0 3 5 6 9 10 13 14 17 19 20 22 25 31 32 34 0
1 2 4 7 8 10 12 15 17 19 20 22 26 31 32 35 1
0 2 5 6 8 11 13 15 17 18 20 23 24 31 32 35 0
0 2 4 7 8 11 13 15 17 19 20 23 24 31 32 35 1
0 3 5 6 9 10 12 14 17 19 20 22 25 31 33 34 0
0 3 5 6 9 11 12 14 17 19 20 22 25 31 32 34 0
1 2 4 7 8 10 12 15 17 19 20 22 26 31 32 35 1
0 3 5 6 9 10 12 14 17 19 20 22 25 31 32 35 0
0 2 5 6 8 10 12 14 16 19 20 22 28 30 32 34 0
0 2 5 6 8 11 13 15 17 19 20 22 26 30 32 34 0
0 2 5 6 8 11 13 15 17 19 21 22 26 30 32 34 0
1 2 4 7 9 10 12 15 17 19 20 22 25 31 32 34 1
1 2 4 7 8 10 12 15 17 19 20 22 26 31 32 35 1
1 2 4 7 8 10 13 15 17 19 20 22 25 30 33 35 1
0 2 5 6 9 10 12 14 16 19 20 22 28 30 32 34 0
1 2 4 7 8 10 12 15 17 19 20 22 26 31 33 35 1
1 2 4 7 8 10 12 15 17 19 20 22 25 30 32 35 1
0 3 5 6 9 11 13 14 17 19 20 22 25 31 32 34 0
0 2 5 6 8 11 12 15 17 18 20 23 24 31 32 34 0
1 2 4 7 8 10 12 15 17 19 20 22 26 31 33 34 1
1 2 4 7 8 10 12 15 17 19 20 22 26 31 32 34 1
0 3 5 6 9 10 13 14 17 19 20 22 25 31 32 34 0
0 2 5 6 8 11 13 15 17 18 20 23 24 31 32 34 0
1 2 5 6 9 10 12 14 16 19 21 22 28 30 33 34 0
1 2 5 6 9 10 12 14 16 19 20 22 28 30 32 34 0
0 3 5 6 8 10 13 14 17 19 20 22 25 31 32 34 0
0 2 5 6 9 10 13 14 16 19 20 22 28 30 32 34 0
0 3 5 6 9 10 12 14 17 19 20 22 25 31 32 34 0
1 2 4 7 8 10 13 15 17 19 20 22 26 31 32 35 1
1 2 4 7 8 10 13 15 17 19 20 22 26 31 32 35 1
0 2 5 6 8 11 13 14 16 18 20 22 28 30 32 34 0
1 2 4 7 8 10 13 15 17 19 20 22 26 31 32 35 1
1 2 4 7 8 11 13 15 17 19 20 22 26 31 32 35 1
1 2 4 7 8 10 13 15 17 19 20 22 26 31 32 34 1
1 2 4 7 8 10 13 15 17 19 20 22 26 31 32 35 1
1 2 5 6 9 10 12 14 16 19 20 22 28 30 32 34 0
0 2 5 6 8 11 13 15 17 19 20 22 26 31 32 34 0
0 2 5 6 8 11 13 14 16 18 20 22 29 30 32 35 0
1 2 4 7 8 10 13 15 17 19 20 22 26 31 32 34 1
1 2 4 7 8 10 12 15 17 19 20 22 26 31 32 35 1
0 3 5 6 8 10 12 14 17 19 20 22 25 31 32 35 0
0 3 5 6 9 10 12 14 17 19 20 22 25 31 33 34 0
0 3 5 6 8 11 13 14 17 19 20 22 25 31 32 35 0
0 3 5 6 9 10 12 14 17 19 20 22 25 31 32 34 0
0 2 5 6 8 11 13 15 17 18 20 23 24 31 32 35 0
0 2 5 6 8 11 13 15 17 18 20 23 24 31 32 34 0
0 2 5 6 8 10 13 15 17 19 21 22 24 31 32 34 0
1 2 5 7 8 11 13 14 17 19 20 22 26 31 32 35 1
1 2 4 7 8 10 13 15 17 19 20 22 26 31 32 35 1
1 2 4 7 8 10 12 15 17 19 20 22 26 31 33 35 1
0 2 4 7 8 11 13 15 17 19 20 23 24 31 32 35 1
1 2 4 7 8 10 13 15 17 19 20 22 26 31 32 35 1
1 2 4 7 8 10 13 15 17 19 20 22 26 31 33 35 1
1 2 4 7 8 10 13 15 17 19 20 22 26 31 32 35 1
1 2 4 7 8 10 12 15 17 19 20 22 26 31 33 35 1
0 3 5 6 8 10 13 14 17 19 20 22 25 31 32 35 0
0 2 4 6 8 10 13 14 16 19 21 22 29 31 32 34 0
0 2 5 6 8 11 12 15 17 18 20 23 24 31 32 34 0
1 2 4 7 8 11 13 15 17 19 20 23 24 30 32 35 1
1 2 4 7 8 11 13 15 17 19 20 23 25 31 32 35 1
0 2 4 6 8 11 13 15 17 18 21 22 24 31 32 34 0
0 2 5 6 8 11 13 14 16 18 21 22 24 30 32 34 0
0 3 5 6 9 11 13 14 17 19 20 22 25 31 32 34 0
0 3 5 6 9 11 13 14 17 19 20 22 25 31 32 34 0
0 2 5 6 8 10 13 15 17 19 20 22 24 31 32 34 0
0 2 5 6 8 10 12 14 16 19 20 22 24 30 32 34 0
0 2 5 6 8 11 12 15 17 18 20 23 24 31 32 34 0
0 3 5 6 9 10 12 14 17 19 20 22 25 31 32 34 0
1 2 4 7 8 10 12 15 17 19 20 22 25 31 32 34 1
0 2 5 6 8 11 13 14 16 18 20 22 27 30 32 34 0
0 2 5 6 8 11 13 15 17 18 21 23 24 31 32 35 0
0 3 5 6 9 11 12 14 17 19 20 22 25 31 32 35 0
0 2 5 6 8 10 12 14 16 19 20 22 28 30 32 34 0
0 2 5 6 8 11 12 15 17 19 20 22 26 30 32 34 0
0 2 5 6 8 10 12 14 17 19 20 22 26 31 32 35 0
0 2 5 6 8 10 13 15 17 19 20 22 26 31 32 34 0
0 2 5 6 8 11 13 15 17 18 20 23 24 31 32 35 0
1 2 4 7 9 10 12 15 17 19 20 22 25 31 32 34 1
1 2 4 7 8 10 12 15 17 19 20 22 26 31 32 34 1
0 3 5 6 9 10 13 14 17 19 20 22 25 31 32 35 0
1 2 4 7 8 10 12 15 17 19 20 22 25 31 32 35 1
1 2 5 6 9 10 12 14 16 19 21 22 28 30 32 34 0
1 2 4 7 8 10 13 15 17 19 20 22 26 31 32 35 1
0 2 5 6 8 10 12 14 16 19 20 22 24 30 32 34 0
0 3 5 6 9 10 12 14 17 19 20 22 25 31 32 34 0
